4294967279,127
4294967279,126
4294967279,125
4294967279,124
4294967279,123
4294967279,122
4294967278,6
4294967278,5
4294967278,4
4294967279,132
4294967279,131
4294967279,130
4294967279,129
4294967279,128
4294967278,181
4294967278,318
4294967278,19
4294967278,18
4294967278,17
4294967278,16
4294967278,15
4294967278,14
4294967278,13
4294967278,12
4294967278,11
4294967278,10
4294967278,9
4294967278,8
4294967278,7
4294967294,396
4294967294,395
4294967294,418
4294967294,950
4294967294,385
4294967294,179
4294967294,420
4294967294,419
4294967294,900
4294967294,406
4294967294,112
4294967294,118
4294967294,386
4294967294,109
4294967294,413
4294967294,410
4294967279,296
4294967279,295
4294967278,317
4294967279,294
4294967279,293
4294967278,316
4294967279,292
4294967278,175
4294967278,315
4294967279,291
4294967278,173
4294967278,172
4294967278,314
4294967279,290
4294967278,171
4294967278,169
4294967294,94
4294967294,96
4,5
4294967278,168
4,4
4,3
4,2
4,1
4294967279,289
4294967278,167
4294967294,8
0,7
4294967278,22
4294967278,21
4294967278,20
4294967279,288
4294967278,27
4294967278,26
4294967278,25
4294967278,24
4294967278,23
4294967294,390
4294967294,115
4294967279,287
4294967279,260
4294967279,0
4294967278,32
4294967278,31
4294967278,30
4294967278,29
4294967278,28
4294967278,164
4294967294,387
4294967278,163
4294967278,313
4294967278,162
4294967278,312
4294967278,37
4294967278,36
4294967278,35
4294967278,34
4294967278,33
4294967279,23
4294967279,22
4294967279,21
4294967279,20
4294967279,18
4294967279,17
4294967279,16
4294967279,15
4294967279,14
4294967279,13
4294967279,12
4294967279,11
4294967278,161
4294967278,311
4294967294,904
4294967294,439
4294967278,160
4294967294,29
4294967294,393
4294967294,44
4294967278,310
4294967294,398
4294967294,191
4294967294,190
4294967294,41
4294967294,120
4294967294,388
4294967294,394
4294967294,411
4294967294,1
4294967294,403
4294967294,401
4294967294,50
4294967294,43
4294967294,61
4294967294,899
4294967294,97
4294967294,104
4294967294,106
4294967294,166
4294967294,24
4294967294,189
4294967294,184
4294967294,384
4294967294,185
4294967294,1414
4294967278,159
4294967278,309
4294967294,51
4294967294,416
4294967278,158
4294967294,53
4294967278,308
4294967294,85
4294967294,99
4294967294,82
4294967294,1415
4294967294,83
4294967294,107
4294967294,392
4294967294,46
4294967294,389
4294967294,2
4294967294,88
4294967294,86
4294967278,157
4294967294,91
4294967278,307
4294967294,92
4294967294,5
4294967294,906
4294967294,186
4294967294,0
4294967294,7
4294967294,6
4294967294,17
4294967294,76
4294967294,9
4294967294,42
4294967278,156
4294967294,90
4294967294,87
4294967294,84
4294967294,923
4294967294,414
4294967294,952
4294967294,951
4294967294,28
4294967294,922
4294967294,27
4294967294,52
4294967294,45
4294967294,424
4294967278,306
4294967278,260
4294967278,0
4294967294,22
4294967294,93
4294967294,95
4294967294,12
4294967294,469
4294967294,25
4294967294,954
4294967294,26
4294967294,81
4294967294,971
4294967294,68
4294967294,11
4294967294,10
4294967294,67
4294967278,132
4294967278,131
4294967278,130
4294967278,129
4294967278,128
4294967278,127
4294967278,126
4294967278,125
4294967278,124
4294967278,123
4294967278,122
4294967278,121
4294967278,120
4294967278,119
4294967278,118
4294967278,117
4294967278,116
4294967278,115
4294967278,114
4294967278,113
4294967278,112
4294967278,111
4294967278,110
4294967278,109
4294967278,108
4294967278,107
4294967278,106
4294967278,105
4294967278,104
4294967278,103
4294967278,102
4294967278,101
4294967278,100
4294967278,99
4294967278,98
4294967278,97
4294967278,96
4294967278,95
4294967278,94
4294967278,93
4294967278,92
4294967278,91
4294967278,90
4294967278,89
4294967278,87
4294967278,86
4294967278,85
4294967278,84
4294967278,83
4294967278,82
4294967278,81
4294967278,80
4294967278,79
4294967278,78
4294967278,77
4294967278,76
